3
4
6
7
11
14
24
25
29
38
46
49
59
65
71
73
82
87
88
92
96
111
112
118
122
127
128
158
171
177
187
205
217
221
234
235
239
242
245
255
260
270
272
281
288
289
295
296
299
301
310
312
328
331
335
344
345
346
352
357
362
365
368
369
372
380
383
385
396
399
403
405
411
415
421
425
427
445
450
454
455
456
458
460
466
470
473
486
497
498
499
502
509
513
520
523
525
528
534
537
549
555
559
569
572
579
581
583
586
587
591
595
596
599
607
609
611
614
617
622
623
628
630
631
640
649
657
659
663
664
668
673
685
689
695
708
711
715
716
717
719
735
744
746
749
750
752
763
767
769
774
779
789
790
795
797
801
807
822
823
834
836
839
844
856
860
865
869
874
877
882
889
890
894
895
899
900
901
902
903
908
917
918
919
920
924
925
926
928
931
936
958
959
963
968
970
975
976
981
982
988
991
992
996
