4
5
23
31
34
40
42
46
49
73
75
78
81
85
95
113
119
124
125
131
134
135
138
145
150
164
171
177
178
189
190
192
207
208
209
210
211
217
219
228
235
243
252
266
276
282
291
296
298
308
314
318
335
344
348
349
362
363
364
376
380
381
384
387
393
396
410
417
424
427
435
439
440
443
457
458
460
462
465
467
477
482
489
492
503
522
525
541
544
550
562
580
587
591
597
598
603
631
638
645
655
657
658
664
687
703
708
713
714
721
722
732
735
744
745
746
756
768
772
773
788
797
801
803
810
813
825
829
830
834
854
855
870
877
884
892
901
918
922
938
945
951
975
977
978
987
990
992
994
