4
9
15
27
50
57
61
62
64
65
68
74
78
79
96
98
100
105
106
114
117
123
129
131
134
139
155
158
163
166
170
172
180
185
187
197
201
207
212
225
230
233
236
242
244
247
248
254
258
260
264
268
269
283
284
304
316
321
329
333
336
337
341
354
357
368
371
376
381
388
392
398
406
415
417
428
430
433
434
454
460
470
487
492
494
499
502
504
507
515
527
538
539
547
557
560
563
568
577
584
585
586
589
599
611
614
618
622
623
629
631
634
643
649
650
654
658
659
664
670
674
677
679
684
687
706
715
718
720
721
722
723
732
734
737
741
742
746
747
759
763
770
783
784
800
806
809
826
827
831
843
855
889
899
900
901
903
909
911
915
916
917
918
942
947
966
975
979
980
988
989
995
997
