7
12
13
22
23
27
37
42
43
46
51
54
58
59
63
69
73
74
75
83
86
91
94
99
100
102
103
105
109
112
116
120
123
124
129
130
132
138
145
152
155
157
160
170
173
174
182
192
197
201
202
204
208
209
213
216
223
224
231
234
235
237
238
244
247
256
274
279
282
292
293
298
299
300
301
308
312
318
319
322
326
329
332
334
347
355
357
363
369
371
378
381
391
398
400
404
405
406
413
418
420
424
435
442
444
447
461
466
468
469
471
477
480
482
490
492
495
497
509
517
523
536
540
546
555
556
557
567
574
588
604
605
608
609
614
615
619
622
629
630
644
648
657
659
665
668
670
679
689
696
704
708
730
732
736
739
753
755
758
771
773
775
779
780
782
783
793
798
799
804
807
809
811
813
833
839
842
850
851
857
859
860
865
873
874
881
886
892
894
896
898
905
909
919
925
926
942
943
945
954
956
964
967
978
979
983
989
990
991
993
994
