0
1
2
4
9
11
14
28
45
46
61
78
88
95
96
102
109
116
121
124
130
134
140
148
158
162
169
170
174
179
190
195
210
211
213
217
224
228
231
233
235
238
240
244
249
253
259
264
265
274
276
278
279
280
281
282
285
288
292
297
305
328
329
330
349
351
361
375
379
392
418
426
427
431
452
460
462
466
467
480
485
490
491
497
498
501
513
526
529
530
553
561
567
574
595
606
609
622
626
645
646
649
653
660
672
677
680
681
686
692
701
704
708
715
716
718
720
730
747
749
755
758
764
765
767
772
779
788
794
795
799
805
807
808
814
817
822
823
832
833
835
865
882
884
887
888
895
896
897
898
904
906
908
912
914
916
917
926
929
931
944
947
949
952
959
965
966
978
993
