7
13
28
31
48
57
59
72
75
78
86
89
113
114
123
131
135
144
147
149
169
188
197
208
210
213
215
217
225
233
234
235
244
255
279
280
284
290
298
307
310
328
329
342
356
358
364
365
366
378
382
384
387
388
393
396
410
414
420
421
432
433
438
456
462
469
471
486
488
491
501
515
527
534
535
539
540
548
571
579
581
586
589
594
595
596
601
602
606
609
627
638
639
643
644
645
646
651
655
661
664
672
692
704
710
715
720
745
748
750
759
760
770
774
776
777
778
780
791
798
805
831
834
847
853
854
860
867
868
870
873
881
887
898
899
905
915
918
928
933
952
959
967
969
980
982
991
996
998
