3
17
22
24
32
47
49
56
57
59
61
70
77
79
83
94
112
114
115
116
129
133
142
148
163
181
189
200
208
214
220
225
230
231
234
254
265
268
273
291
293
306
312
315
326
329
331
338
341
348
352
358
367
375
380
384
385
404
406
413
414
428
431
444
451
453
461
463
465
468
469
476
478
487
489
492
495
496
503
505
511
523
525
544
545
550
555
577
578
585
588
595
597
598
608
635
636
641
649
651
661
690
691
698
699
709
727
729
732
736
745
748
767
777
780
783
784
790
797
803
810
817
822
832
833
850
863
871
890
891
899
914
919
920
948
977
986
998
