1
5
11
12
15
30
40
41
42
46
54
58
63
70
88
92
95
116
124
125
127
128
135
142
143
144
151
161
166
167
181
183
184
188
190
204
206
210
220
226
229
233
236
241
244
247
252
256
260
265
276
279
281
283
288
298
299
303
304
312
314
315
318
333
335
337
338
339
341
347
348
349
353
355
361
363
369
375
377
387
395
397
399
401
406
412
413
421
422
430
457
460
464
466
473
478
481
486
491
492
509
511
513
518
520
521
530
531
532
537
546
550
551
553
556
558
560
561
574
575
588
592
593
599
603
610
615
630
637
638
640
645
647
649
654
656
657
660
672
674
676
682
683
700
706
707
708
709
712
718
730
731
734
742
747
749
757
763
776
782
789
795
796
798
800
801
802
804
808
810
813
816
817
819
821
825
828
832
833
836
839
844
845
847
851
853
856
857
867
872
877
892
896
903
909
910
924
928
934
947
949
958
959
962
965
968
969
972
975
977
982
987
988
991
992
995
996
