11
14
16
26
28
41
46
50
69
70
75
81
89
94
126
135
137
145
147
150
171
173
174
178
183
186
190
206
211
214
221
222
235
238
240
246
252
253
258
259
261
263
265
279
282
292
300
301
315
329
359
385
391
394
403
410
411
414
419
421
438
468
472
486
489
504
510
511
512
516
523
530
532
535
544
558
563
588
590
598
613
618
622
628
633
634
638
643
654
663
675
690
698
704
722
732
746
748
758
764
772
777
780
782
783
799
816
824
825
827
836
840
842
851
866
886
898
899
902
928
930
942
954
960
968
969
971
982
989
999
