7
8
23
26
27
29
30
33
34
41
52
53
54
61
63
64
65
71
81
91
93
95
97
101
106
113
115
117
137
145
147
149
151
159
162
175
182
192
195
199
204
211
216
218
225
239
241
245
255
257
263
272
281
283
299
300
301
311
312
316
323
335
338
342
344
365
368
372
375
382
383
394
400
410
417
421
433
439
444
451
453
460
464
465
468
472
485
488
490
513
515
518
521
540
544
557
566
571
575
580
584
593
594
597
599
601
604
607
615
617
629
632
640
641
651
653
655
659
660
667
673
684
686
697
702
704
708
714
720
726
731
741
748
750
753
755
756
759
763
768
770
772
780
781
786
793
795
802
808
819
824
825
832
844
850
854
863
868
869
870
895
896
904
910
911
913
921
929
930
943
948
955
956
959
964
982
986
987
989
994
995
999
