0
6
16
20
21
22
30
33
40
42
46
57
58
59
61
62
69
72
83
89
99
127
131
136
140
141
159
172
183
187
192
197
198
205
206
214
228
230
258
286
292
300
310
314
334
339
351
362
370
373
377
379
380
386
395
397
406
407
408
409
417
440
446
447
449
452
453
454
460
465
473
486
488
489
496
505
520
526
529
530
533
536
537
541
543
545
547
549
553
556
562
573
578
580
585
593
594
598
599
605
611
629
633
641
648
651
653
663
665
671
679
685
701
720
724
727
732
737
738
741
746
753
763
765
766
787
788
790
792
794
801
807
815
827
828
830
834
835
836
838
852
854
858
860
862
865
868
878
879
880
881
888
898
904
914
916
921
924
928
936
940
945
946
947
948
951
956
958
959
960
967
972
974
979
983
987
992
994
995
998
