6
19
20
21
22
31
34
36
44
45
64
81
83
93
94
95
100
109
110
113
114
122
137
141
143
146
151
152
162
174
179
188
189
190
192
197
205
214
220
221
224
225
238
251
253
254
255
264
275
282
284
290
293
300
303
313
318
320
332
335
340
341
345
351
354
355
369
374
380
387
395
402
412
414
423
434
436
443
446
447
455
461
474
500
502
509
514
523
528
529
531
539
543
551
567
576
593
599
609
611
614
617
621
634
645
657
664
670
674
686
687
692
693
699
700
731
732
752
763
764
770
781
782
788
789
791
795
808
810
818
819
831
839
841
848
850
852
854
857
861
863
879
880
882
883
886
891
903
918
919
921
928
930
937
958
964
967
968
971
976
989
995
