7
17
20
21
23
33
59
72
74
81
89
92
95
106
108
111
117
121
125
126
131
146
148
149
156
158
184
193
195
198
199
208
210
212
216
219
225
226
229
231
234
235
251
254
257
258
265
267
271
273
274
275
279
285
297
318
321
322
324
326
327
334
346
348
349
351
353
371
373
374
376
378
379
388
395
399
400
401
403
404
411
412
423
424
426
428
443
444
445
450
452
453
456
461
464
467
472
481
485
486
487
503
507
508
516
523
524
530
539
540
548
555
560
561
569
573
576
590
594
604
606
618
621
628
634
636
638
639
643
647
649
652
657
660
664
667
675
676
677
679
683
687
692
699
705
708
709
713
722
725
726
730
733
734
738
743
751
754
759
763
771
775
783
785
788
800
801
803
807
812
816
824
825
827
829
833
835
841
850
851
853
866
867
868
875
884
886
889
891
898
915
925
932
936
938
940
943
950
951
961
970
974
981
