3
5
7
11
12
20
23
24
35
38
40
44
47
53
56
58
64
65
79
83
91
101
103
106
109
118
131
132
140
145
148
149
154
161
162
164
170
173
184
185
188
192
194
196
201
208
212
213
217
220
223
225
227
230
231
234
235
238
247
253
254
257
268
290
299
311
312
316
322
327
331
333
334
335
341
352
358
362
378
398
400
402
408
410
413
415
423
424
426
432
440
446
450
459
462
463
465
466
467
474
475
478
482
483
488
491
497
503
507
509
512
513
517
522
529
531
536
545
552
554
562
574
576
579
580
581
582
584
589
597
599
609
611
613
616
617
620
627
632
637
641
648
649
665
669
671
672
691
693
701
704
719
725
733
737
745
751
752
764
775
778
790
794
810
816
819
828
848
854
856
859
863
872
875
878
882
889
890
893
899
904
905
909
911
916
931
934
937
944
948
949
951
953
959
961
962
968
970
995
997
999
