2
3
18
21
35
41
43
47
56
60
64
65
66
77
82
86
90
97
99
109
110
111
116
117
124
125
132
138
140
148
159
160
167
170
171
173
177
181
182
184
187
190
200
201
202
203
206
214
239
245
250
253
256
263
267
270
272
280
281
291
293
294
302
310
314
327
330
351
354
360
361
367
368
371
376
379
381
390
391
393
396
399
402
422
423
430
437
450
458
459
461
465
471
476
478
479
480
482
483
484
490
502
503
513
521
524
526
529
534
536
537
538
543
547
554
555
558
564
565
575
579
582
589
605
611
624
630
634
637
640
651
652
654
658
660
663
664
671
676
678
681
687
690
702
703
707
736
738
751
752
753
757
758
760
765
773
774
775
778
779
783
786
792
796
802
814
817
819
822
829
837
840
842
843
845
858
863
864
870
871
878
882
894
899
908
910
918
919
921
952
954
955
959
960
965
966
968
969
970
976
978
979
981
987
988
