0
3
7
25
26
34
39
50
54
55
64
68
73
75
76
78
81
83
88
108
109
112
116
117
122
123
124
125
136
138
144
147
165
169
172
175
187
203
206
215
234
237
245
247
252
255
256
262
268
272
281
289
290
309
312
315
322
323
328
337
346
353
357
360
361
362
369
373
379
382
391
393
405
411
423
425
429
432
433
434
441
459
461
463
468
469
479
482
489
492
494
496
509
510
522
536
539
543
553
556
563
570
575
576
579
587
588
607
608
611
616
618
619
621
625
632
635
641
655
658
670
674
678
680
682
690
701
702
711
724
725
744
745
752
753
758
759
760
765
772
774
775
782
792
806
810
812
821
827
830
833
852
853
857
863
864
866
869
870
884
891
896
904
905
922
924
926
936
944
958
963
980
981
992
994
