1
6
8
9
12
13
22
23
24
25
43
45
53
55
57
60
67
85
86
93
94
98
108
113
116
120
121
130
133
134
135
137
144
145
149
150
152
155
159
160
169
171
175
185
188
190
196
199
201
202
204
210
214
216
217
221
225
226
235
244
251
253
256
258
262
273
277
278
282
285
286
289
291
292
293
301
308
311
312
316
317
318
319
320
322
326
334
335
338
341
342
351
357
363
364
367
377
378
379
381
403
405
406
408
410
415
419
420
424
427
429
441
443
452
453
458
460
462
468
478
482
484
485
486
489
501
502
509
510
513
518
524
529
531
532
534
537
539
545
547
553
560
562
567
583
584
588
590
601
612
621
622
626
631
637
638
639
640
645
651
656
657
658
663
667
672
675
677
678
683
684
693
700
702
706
708
711
712
721
722
727
731
734
740
741
742
744
748
750
756
761
765
768
773
776
778
780
782
795
799
816
820
831
840
843
844
848
850
852
854
857
861
864
866
868
874
878
880
888
894
906
907
911
912
918
922
927
935
938
939
940
941
945
946
947
954
956
958
960
964
972
978
982
983
985
998
999
