0
17
20
21
23
24
33
47
54
61
66
67
69
84
89
94
99
100
107
124
126
142
145
146
149
167
175
177
190
198
210
212
217
219
221
222
226
228
243
247
249
267
287
292
295
297
310
312
314
326
332
340
344
352
369
372
373
376
379
385
387
393
395
404
410
415
421
424
436
443
466
469
482
484
487
494
499
500
503
518
521
535
539
552
562
564
567
568
575
576
585
589
590
591
596
597
609
611
616
617
620
630
641
647
651
661
663
669
670
676
680
686
694
695
697
699
703
705
723
733
744
746
758
762
772
773
775
778
783
786
795
797
798
806
808
810
812
817
818
828
831
833
854
859
867
869
873
879
887
899
900
904
907
910
913
921
927
935
937
944
952
959
962
967
971
980
992
