11
13
15
25
26
35
38
47
62
68
91
112
120
121
122
124
125
130
134
160
166
171
184
196
211
228
236
239
246
286
288
293
310
313
318
325
327
332
334
336
341
344
345
347
350
360
364
365
368
376
384
387
390
393
395
404
409
420
425
427
433
441
442
451
465
468
472
473
484
491
494
497
518
521
524
535
545
547
549
564
568
591
598
607
614
617
626
627
645
648
651
654
663
667
672
679
688
689
691
698
702
709
711
716
725
729
739
748
755
768
769
770
771
775
787
792
799
802
821
829
839
869
872
879
889
891
895
903
904
905
912
917
932
940
945
947
955
962
963
979
986
987
989
994
