13
14
19
32
34
39
45
46
52
56
59
63
64
65
67
71
72
73
80
82
87
91
92
94
99
108
109
117
121
128
134
140
150
154
158
162
164
167
173
178
179
182
184
185
190
194
208
209
210
227
243
244
246
257
258
263
275
281
283
285
286
289
291
292
304
306
308
312
320
322
331
348
356
360
361
365
367
368
372
379
381
384
387
396
397
404
420
428
434
438
439
440
444
453
457
469
470
477
478
484
485
487
496
497
501
502
505
506
509
510
512
520
523
530
533
540
541
542
547
553
554
558
559
581
582
583
593
611
614
615
618
628
634
639
641
645
646
649
657
669
671
681
685
690
695
700
701
703
704
706
711
716
717
719
721
731
743
750
756
761
762
771
777
780
782
785
789
791
797
802
803
804
808
817
825
826
829
834
837
842
845
848
851
852
853
854
858
864
868
889
890
893
901
905
909
910
915
919
922
923
925
932
942
946
951
957
960
974
980
984
987
991
998
