0
5
11
16
28
38
39
40
41
42
44
46
47
58
62
68
73
75
77
80
85
95
96
111
112
113
119
133
136
141
142
143
144
146
153
155
158
160
161
164
174
181
187
188
191
194
200
202
203
210
214
215
216
222
223
232
233
239
247
250
257
262
265
270
280
283
287
291
293
294
295
297
299
305
314
323
326
328
329
338
341
343
345
351
353
359
362
363
364
368
374
376
381
383
385
390
391
394
395
400
403
404
405
408
409
410
421
424
431
435
436
455
461
464
466
467
468
470
472
473
478
480
490
494
495
498
499
503
511
520
527
529
531
532
534
535
536
542
544
551
558
560
563
574
576
580
581
590
595
599
601
608
610
620
623
624
628
630
631
644
646
654
656
660
666
667
673
680
682
691
698
706
719
722
735
737
738
746
749
752
757
758
765
766
777
784
787
792
794
820
821
824
828
841
845
853
857
860
862
866
867
868
870
871
876
882
887
901
907
910
911
917
924
926
931
940
941
944
954
955
960
962
966
972
976
977
986
995
