15
17
19
32
38
40
43
50
57
58
59
69
71
72
79
104
111
122
130
132
134
146
156
158
161
163
170
178
180
182
195
196
201
206
211
212
221
228
247
250
251
253
260
274
285
301
334
335
343
352
362
376
377
382
386
388
404
410
416
419
424
436
438
449
450
454
464
467
469
473
475
477
484
486
487
501
502
513
516
517
533
538
545
549
555
572
573
594
596
605
613
618
621
622
630
635
638
640
644
646
655
659
671
673
674
681
683
686
687
688
697
700
706
708
711
732
736
738
764
770
774
781
788
789
790
793
794
797
801
807
809
811
823
828
834
847
860
861
865
869
870
877
878
896
900
902
903
907
909
918
920
923
926
928
946
949
959
965
967
968
970
975
976
978
979
984
992
994
995
999
