8
15
22
25
28
31
32
33
40
41
55
57
58
59
66
67
77
80
90
92
93
94
95
103
107
117
119
123
128
129
130
132
133
136
140
143
164
165
168
174
179
184
189
191
194
196
199
207
209
222
223
229
247
254
258
261
273
277
287
291
296
299
300
302
304
305
312
325
338
347
358
363
366
379
387
390
399
410
425
442
448
450
461
464
466
468
470
472
477
485
486
487
497
501
507
521
531
534
543
555
560
564
567
571
572
578
584
596
610
613
614
615
621
629
640
641
644
651
655
659
667
668
679
682
687
688
693
695
698
729
732
737
740
747
762
765
768
771
773
777
781
784
787
793
797
811
812
818
831
837
852
854
860
874
878
883
893
894
896
898
901
907
913
916
927
936
940
955
956
975
977
979
984
989
994
