0
7
21
24
25
27
34
40
49
56
57
59
64
65
67
71
72
75
79
85
89
107
108
121
124
127
132
137
138
142
156
168
171
179
182
184
186
190
191
192
196
197
199
200
203
204
205
215
217
226
229
230
241
242
243
254
255
260
262
272
275
278
280
284
285
294
297
301
303
305
316
317
318
321
322
323
324
328
332
339
342
352
363
366
369
384
386
394
395
401
410
413
415
419
424
428
429
432
434
435
438
440
441
442
448
457
464
469
471
473
476
497
500
501
508
512
517
529
532
534
541
543
544
547
550
552
553
554
556
557
559
566
569
575
576
582
586
590
591
592
595
597
601
607
612
613
614
625
628
640
643
647
648
654
662
667
670
679
684
686
690
694
698
712
720
723
726
733
735
746
757
761
763
768
769
770
774
776
777
789
794
796
808
818
819
821
825
826
829
831
852
858
859
867
869
871
876
877
878
884
889
890
895
897
913
919
920
921
924
927
928
929
935
940
941
945
947
951
953
964
965
966
972
973
981
982
984
989
991
992
993
996
