7
8
18
21
23
25
31
36
39
42
44
56
68
70
74
80
95
96
97
98
103
112
116
119
122
126
133
134
140
143
144
147
151
174
177
178
188
189
191
198
201
205
211
212
214
216
217
218
219
221
223
233
237
238
244
247
253
257
260
264
265
271
278
281
287
298
305
307
308
313
314
319
325
333
337
338
343
344
345
346
349
350
356
362
365
369
375
376
377
379
386
387
394
395
399
408
410
411
414
422
423
424
429
430
442
450
452
454
456
457
461
462
463
465
466
467
468
472
476
477
478
479
480
481
484
485
491
494
503
504
507
508
523
526
530
533
534
536
539
551
552
558
561
565
573
577
585
586
591
596
603
606
608
611
616
619
621
623
630
639
642
648
649
650
655
656
657
658
662
665
668
673
674
676
705
710
715
716
718
721
727
733
734
738
740
744
751
753
756
771
773
779
787
788
796
798
802
815
818
820
822
825
827
828
836
841
849
851
856
860
861
863
875
876
880
885
886
887
890
892
901
902
904
906
914
917
919
920
923
925
930
931
932
933
934
937
938
942
949
959
961
969
971
974
978
992
993
998
