5
9
14
18
22
23
27
28
31
36
39
42
43
47
54
56
57
61
70
75
77
82
85
86
100
101
104
110
111
127
129
138
142
143
147
150
156
158
160
164
167
169
174
177
179
184
185
199
208
209
210
215
218
224
228
230
231
235
237
238
241
243
251
252
253
259
260
263
266
270
283
284
288
294
295
299
300
305
309
310
312
318
332
337
340
343
356
365
368
371
373
375
386
388
390
396
397
403
410
414
419
420
426
441
444
449
456
466
468
472
477
486
494
509
510
514
519
525
528
531
541
543
544
546
552
553
562
567
568
575
579
584
585
586
590
591
592
595
597
600
607
609
612
613
617
623
627
631
641
642
648
652
657
662
667
670
672
684
685
686
699
704
714
717
720
737
738
741
745
747
750
752
753
757
759
774
775
777
779
783
785
788
789
790
798
800
801
821
822
828
829
834
842
844
846
848
851
861
865
875
878
879
885
889
894
895
896
898
899
905
912
916
917
919
920
923
933
938
939
942
944
945
954
958
962
963
964
966
967
972
973
974
976
978
982
992
