17
32
46
47
54
57
60
63
64
66
72
76
79
83
86
104
118
133
134
136
140
142
144
153
157
158
160
168
175
181
187
190
196
214
217
222
225
229
230
247
249
266
274
275
282
295
300
303
308
310
320
322
339
340
344
347
350
355
357
363
364
374
376
378
385
386
404
412
415
419
430
437
445
460
461
471
472
478
484
488
494
509
514
533
536
537
542
546
550
551
552
557
560
561
563
565
569
570
571
575
577
580
599
608
611
615
621
633
635
645
660
661
687
688
691
696
730
737
739
741
746
748
760
764
793
808
810
813
820
833
835
836
838
842
849
850
858
874
876
887
889
892
898
907
916
917
918
923
925
927
933
934
936
941
943
944
949
953
957
962
981
982
984
997
