1
7
11
16
21
23
32
41
52
55
73
77
82
85
86
93
97
129
131
133
134
135
136
137
141
143
144
146
147
148
149
156
171
183
187
199
201
206
214
217
218
221
222
225
226
228
238
239
241
255
258
261
268
269
273
289
292
303
306
309
312
313
315
318
325
327
338
340
347
356
358
380
382
387
394
396
400
403
405
406
413
419
423
424
426
429
434
436
437
443
447
450
462
473
478
481
483
497
504
505
508
512
516
528
536
539
544
552
558
560
565
567
575
579
580
584
585
586
596
598
602
614
620
624
630
649
654
658
674
675
687
690
693
697
703
705
725
734
742
746
749
750
762
767
769
770
777
783
785
794
795
796
803
809
818
823
828
834
846
847
848
851
861
863
865
869
886
892
893
897
904
913
914
923
931
934
935
948
952
973
975
983
990
992
