0
5
11
12
16
21
23
32
45
49
73
75
87
92
113
117
121
124
133
136
137
140
147
148
153
161
162
165
167
173
175
178
188
192
197
201
202
203
206
220
227
238
241
242
254
270
276
277
279
282
283
288
292
294
298
306
322
340
348
350
353
354
365
366
371
380
382
385
392
394
396
399
424
431
437
445
452
456
464
470
486
488
494
495
501
502
506
511
525
535
536
538
539
540
552
567
588
592
596
601
604
610
621
630
631
634
637
640
645
654
658
659
663
665
676
687
689
690
692
702
703
704
705
720
744
745
753
755
761
763
768
786
795
796
799
805
808
815
816
829
845
848
852
857
858
860
872
896
897
898
916
938
952
963
983
992
994
996
997
