2
8
9
11
21
25
26
27
38
41
46
47
53
54
58
59
61
69
72
73
77
99
102
103
108
114
115
117
126
128
130
132
146
147
154
158
159
168
170
171
182
186
187
191
197
198
200
204
208
211
213
218
219
226
227
228
234
237
245
251
253
258
261
265
266
268
271
276
282
283
286
288
290
298
299
305
306
307
318
331
351
356
362
367
371
372
378
379
384
385
394
396
398
404
417
426
430
432
434
438
445
448
449
451
457
461
463
474
475
483
486
489
498
511
512
514
516
517
521
522
524
527
529
530
533
542
545
549
551
557
561
567
575
577
578
579
580
584
587
590
592
593
599
604
605
607
608
611
617
619
623
626
630
635
637
639
646
655
659
660
666
668
678
681
684
686
687
688
698
705
719
729
730
731
732
734
742
748
751
753
762
765
770
772
774
777
780
781
783
789
791
796
798
804
806
819
823
825
826
829
841
843
846
851
852
860
861
862
866
868
873
880
881
894
900
902
904
905
916
917
919
921
930
931
932
935
939
941
949
952
959
960
963
972
974
976
983
986
987
991
996
998
