9
11
13
14
18
29
40
43
49
53
56
64
67
72
84
92
103
110
121
125
127
131
138
139
142
160
161
164
165
180
184
185
195
201
208
219
220
221
224
237
242
243
254
265
270
271
273
278
284
286
287
289
300
312
329
347
351
355
366
375
380
393
404
406
410
411
423
432
439
440
443
445
449
456
462
469
512
516
520
528
529
536
538
543
544
545
550
558
568
570
571
575
577
580
581
583
587
595
616
619
620
622
625
632
643
650
659
663
665
672
678
685
690
701
702
710
713
714
720
721
729
732
757
761
766
769
774
784
787
788
792
793
794
812
813
816
817
818
820
829
839
841
843
852
853
859
866
873
878
879
892
900
903
904
906
909
913
919
925
928
935
939
946
950
951
955
957
980
988
992
993
999
