1
4
7
12
17
23
25
44
49
58
59
62
68
69
74
103
115
119
120
125
134
135
141
145
153
187
188
198
207
214
226
227
228
230
235
237
239
247
249
267
272
273
283
303
315
329
332
341
354
357
358
388
398
416
421
426
435
437
445
448
458
469
499
506
528
534
540
542
565
569
584
587
591
602
606
612
616
633
634
636
640
648
649
659
662
672
677
679
685
697
698
700
701
706
708
712
714
716
717
724
727
730
742
743
749
753
759
764
766
787
788
802
806
814
815
818
819
820
833
834
835
847
848
850
855
858
861
863
870
890
950
956
964
966
976
981
982
990
