1
7
14
17
21
25
36
37
50
53
62
73
74
76
78
80
87
92
95
104
106
113
114
116
119
126
127
137
141
151
152
155
157
161
165
172
175
176
182
186
188
189
190
198
201
212
216
217
218
220
226
241
245
254
262
264
265
273
281
283
289
291
300
301
306
308
319
321
322
323
324
333
338
341
347
351
352
359
364
367
369
371
372
374
376
381
382
383
385
388
390
392
393
394
400
403
404
407
411
412
414
421
425
427
429
431
432
440
445
446
457
462
466
470
480
482
488
499
524
535
541
547
549
556
558
568
577
579
581
583
589
591
593
597
610
612
617
624
625
627
634
640
648
650
652
657
662
677
679
690
693
695
699
702
704
707
708
710
724
731
740
743
747
755
769
774
777
778
779
784
786
795
796
798
803
805
808
815
816
820
828
839
841
843
853
857
858
861
862
863
864
865
871
883
885
886
888
900
902
905
909
910
919
922
926
929
940
943
944
948
953
958
961
966
972
979
982
984
988
992
995
