2
6
7
15
21
24
26
41
44
54
68
70
85
89
92
96
103
112
116
117
119
127
132
133
148
151
152
158
166
168
171
185
189
191
197
198
204
209
213
214
220
221
227
237
238
242
251
254
256
260
261
265
273
285
288
289
291
297
298
310
316
328
333
334
335
336
347
354
361
362
364
370
378
382
385
386
397
398
405
412
417
418
420
432
437
438
445
454
455
459
466
489
494
495
498
502
514
525
528
536
537
538
539
546
551
561
573
578
580
582
584
586
587
591
605
618
624
625
630
631
636
638
648
651
652
658
665
671
678
680
681
685
696
697
698
699
700
704
712
714
715
722
723
724
725
726
730
731
733
736
738
743
756
758
763
770
778
779
780
781
783
787
789
801
802
823
824
829
830
831
838
839
840
843
856
857
858
862
867
874
875
894
896
897
899
910
911
913
920
928
934
940
946
947
954
957
958
972
974
986
988
991
