14
15
17
18
20
23
36
42
44
45
53
61
65
66
76
79
107
112
113
114
116
128
130
154
155
157
158
168
170
172
175
182
187
195
197
201
202
204
211
215
222
233
234
238
241
243
245
252
257
259
261
262
267
268
272
273
275
276
285
289
298
303
304
305
306
309
317
318
319
323
327
333
334
351
352
353
354
357
364
366
371
373
383
385
387
390
400
408
419
423
429
435
442
447
455
459
460
464
475
476
477
493
501
511
512
516
517
520
521
526
528
533
539
541
542
550
553
554
556
584
597
603
606
607
613
616
617
624
627
630
635
638
641
642
644
648
651
655
662
672
673
678
679
683
690
692
693
697
699
700
704
707
729
731
743
748
751
752
763
765
774
777
778
779
781
786
802
803
808
813
815
816
820
821
823
828
830
832
834
852
853
859
862
883
893
895
897
899
917
918
919
935
938
939
942
944
946
951
953
955
956
960
964
970
972
973
978
979
982
985
993
994
995
998
