3
6
16
17
25
30
34
46
53
54
55
65
87
90
97
99
100
104
105
106
112
115
117
125
136
137
142
146
149
157
164
167
176
178
187
190
198
199
201
202
208
228
233
235
241
243
244
247
248
249
258
262
272
276
281
286
293
294
295
302
303
304
312
316
319
324
326
329
336
341
346
349
356
359
364
366
374
376
379
385
394
401
402
408
409
415
419
420
426
433
434
435
438
442
449
451
457
458
465
467
472
474
488
502
508
509
521
526
530
531
534
537
541
543
544
546
547
549
553
554
555
558
559
562
571
577
585
587
597
602
604
615
618
620
631
635
637
638
639
648
655
666
670
671
672
678
679
681
684
692
703
705
706
708
709
713
715
720
722
726
738
743
744
746
749
752
754
756
761
771
782
786
796
800
803
808
812
818
823
828
830
841
843
845
847
855
863
864
866
869
872
887
892
893
898
903
904
905
907
913
916
917
918
919
927
936
938
939
940
968
971
973
976
983
985
988
989
999
