3
5
7
9
17
27
31
32
34
40
51
54
69
71
78
83
87
92
98
107
114
116
125
129
137
138
143
149
150
152
157
164
165
174
177
179
189
195
197
198
200
208
210
211
214
219
225
233
235
238
240
244
258
259
274
285
288
294
295
300
304
310
321
324
327
329
335
337
338
340
346
347
364
369
370
375
393
400
410
412
414
415
421
423
425
428
431
432
435
436
439
441
446
452
471
475
485
488
500
507
513
515
516
524
527
529
535
536
538
548
549
551
570
572
575
582
594
598
600
602
604
606
613
615
624
627
637
655
666
668
674
679
687
690
693
695
696
704
708
714
715
722
725
732
735
736
741
743
754
762
765
768
769
771
775
777
778
788
792
795
800
802
817
818
820
823
827
828
830
831
832
835
836
840
847
851
857
861
871
881
884
887
890
894
897
902
910
915
924
942
943
946
951
952
965
972
983
984
985
987
