5
7
8
13
14
20
27
44
47
49
57
64
72
74
75
79
82
84
86
89
92
96
97
101
102
106
107
108
109
119
124
133
135
142
146
148
157
160
165
169
180
183
185
192
193
195
197
207
211
217
218
222
223
227
228
244
246
249
250
252
258
261
264
265
269
271
272
299
300
304
310
313
324
330
338
343
349
351
352
357
362
365
374
375
378
388
389
390
401
403
411
412
430
435
436
441
444
450
453
461
465
467
471
472
473
486
494
502
508
522
531
532
536
543
550
552
559
560
574
575
578
579
587
594
597
602
605
607
610
613
614
627
630
631
650
653
655
661
665
667
673
680
681
687
688
699
701
705
711
712
721
723
726
727
729
730
732
733
737
743
744
750
757
759
760
769
770
775
776
778
785
792
794
805
807
819
821
824
825
828
831
853
860
895
901
902
910
911
912
913
925
933
937
946
951
959
976
977
984
985
990
