9
11
12
15
28
39
49
53
94
101
109
113
114
117
127
130
131
132
143
151
160
178
193
205
211
215
216
245
248
260
261
262
270
275
278
280
282
290
293
294
296
303
313
315
327
328
333
342
352
362
365
369
377
379
381
390
404
415
418
422
435
437
443
448
452
492
507
513
543
544
557
573
581
588
596
597
598
602
605
606
607
618
630
636
639
645
653
670
671
680
698
701
705
717
729
731
732
733
738
768
773
775
785
787
795
799
806
811
826
834
837
839
851
852
855
864
872
873
875
882
910
941
942
952
953
964
966
971
973
975
977
984
993
996
