9
27
32
36
38
44
50
51
56
63
64
72
75
76
80
87
88
91
102
111
113
119
127
136
139
142
150
157
164
172
185
187
192
201
207
209
210
211
212
214
223
226
227
228
230
231
232
247
248
254
262
268
280
281
290
291
299
300
303
310
315
320
324
344
346
347
353
356
357
359
368
369
373
374
379
383
398
404
417
418
424
428
430
432
439
445
453
458
459
466
467
470
474
476
484
485
494
500
505
509
550
561
562
564
565
566
576
577
579
581
587
588
592
606
610
612
628
631
633
646
648
649
660
662
663
665
670
673
692
698
705
708
718
725
730
734
739
750
754
763
767
771
779
788
802
804
806
812
814
817
824
827
831
841
846
849
857
859
869
876
885
888
892
899
905
910
916
920
924
947
955
957
968
974
978
983
994
