2
9
15
26
31
36
43
44
46
56
58
59
60
62
63
68
69
81
91
101
116
120
121
129
132
142
145
147
150
151
152
154
164
165
177
182
186
187
189
193
195
202
203
204
207
210
214
215
221
223
231
234
237
238
243
255
265
266
280
282
289
295
297
301
303
308
309
313
314
322
323
324
328
329
342
345
349
354
355
360
363
364
365
366
374
375
384
386
388
390
392
399
400
401
408
410
411
412
414
415
431
433
434
440
448
452
453
454
455
456
459
462
463
464
469
482
486
487
489
494
495
500
514
521
525
528
530
531
534
538
552
553
555
561
564
566
567
570
580
582
587
588
594
597
598
599
601
602
604
605
606
608
619
621
622
629
630
632
638
648
649
650
651
655
658
662
667
679
689
691
696
700
704
708
709
713
727
729
737
740
741
748
751
752
753
760
764
766
774
778
786
792
795
797
798
801
804
810
811
826
827
840
843
846
848
852
859
860
864
865
867
871
872
885
889
894
896
901
905
912
919
922
924
939
942
944
962
965
968
975
977
979
983
987
988
990
998
999
