1
12
14
18
25
27
29
43
71
74
81
83
93
96
100
102
103
118
127
130
150
159
161
164
173
176
178
185
186
189
195
196
197
204
211
224
230
245
248
250
252
253
254
257
268
277
279
290
291
294
303
308
314
318
321
332
340
355
357
362
365
371
377
378
380
384
395
400
412
428
429
431
446
461
465
474
478
480
482
485
486
487
490
491
494
495
500
504
508
509
510
512
555
558
560
591
601
618
633
634
637
639
641
643
656
666
671
681
683
686
688
703
716
731
732
736
737
738
741
752
753
754
760
768
775
780
783
801
803
806
808
820
821
827
831
837
845
853
854
861
863
874
876
880
881
894
897
904
908
911
920
922
931
933
958
962
963
964
967
969
979
987
989
