20
27
31
37
53
56
73
75
81
84
85
87
89
94
101
102
107
108
119
121
122
124
131
133
135
138
142
148
158
160
164
165
168
169
174
178
189
190
199
206
211
213
214
235
246
247
250
255
260
275
277
291
293
303
305
309
319
320
321
322
331
334
350
358
360
367
373
374
380
390
391
393
403
406
407
414
418
423
424
427
428
433
437
439
444
448
450
454
455
456
461
465
466
474
482
495
496
500
502
507
512
515
516
522
525
530
533
546
559
568
575
582
586
587
594
595
596
598
605
613
616
631
639
641
642
650
660
661
666
668
677
691
700
701
707
709
719
726
727
729
731
732
742
751
754
774
780
783
784
788
789
794
797
809
815
816
824
825
837
844
846
847
862
866
867
878
886
887
897
901
902
903
907
916
917
918
927
928
934
938
946
951
955
956
958
964
965
967
969
978
981
989
